0 2
0 8
0 14
0 20
0 24
0 30
0 36
0 42
0 48
0 56
0 62
0 68
0 74
0 82
0 88
0 94
0 100
0 108
0 114
0 120
0 126
0 134
0 140
0 146
0 154
0 160
0 166
0 174
0 180
0 186
0 194
0 200
0 206
0 212
0 220
0 226
0 232
0 240
0 246
0 252
0 260
0 266
0 272
0 280
0 286
0 292
0 300
0 306
0 312
0 318
0 326
0 332
0 338
0 346
0 352
0 358
0 366
0 372
0 376
4 379
4 384
5 387
6 394
6 400
8 403
8 410
10 411
13 413
16 418
19 417
22 417
26 417
27 420
29 421
35 418
39 416
41 417
44 416
49 418
52 418
55 416
59 416
62 415
64 417
68 418
71 417
72 421
74 425
76 426
78 429
84 427
87 425
90 425
91 430
95 432
96 432
100 432
104 432
105 436
106 436
110 436
115 435
117 437
118 443
123 440
126 440
128 443
136 435
142 428
145 427
149 422
152 423
156 425
158 427
158 433
161 437
162 437
167 434
171 437
171 442
175 441
178 440
183 439
186 439
190 437
192 441
198 435
202 434
204 437
210 431
213 430
221 428
223 428
226 426
231 426
235 424
239 421
242 423
243 423
244 428
248 430
250 430
254 429
256 430
257 435
260 435
267 430
271 430
273 430
274 432
278 435
282 434
288 431
291 431
295 431
297 431
301 431
304 430
306 431
311 431
317 423
324 420
324 422
326 427
326 430
330 432
332 434
336 432
340 431
343 431
347 427
352 427
354 432
356 432
360 431
363 429
366 429
370 429
372 434
375 433
376 436
380 440
383 440
385 441
388 441
395 437
397 436
401 434
406 433
412 424
417 419
419 423
421 426
427 424
430 425
430 429
431 430
433 433
437 433
437 438
442 439
449 433
450 435
451 438
455 439
460 436
464 435
468 434
469 436
473 437
476 439
479 438
484 434
486 438
488 438
493 435
497 436
501 435
504 434
507 433
510 435
514 434
517 435
518 438
521 441
525 442
530 435
535 428
537 431
547 424
550 422
556 420
558 420
559 422
560 427
565 427
566 428
568 431
572 431
578 427
579 428
580 434
585 430
589 429
592 430
595 430
595 434
597 439
602 435
606 434
607 439
613 434
613 436
617 440
620 438
625 435
629 434
631 437
639 430
643 427
647 426
648 430
649 433
652 436
658 432
662 431
664 435
667 436
668 439
671 440
676 435
681 431
686 427
690 426
691 428
694 430
697 430
702 429
703 433
706 433
711 431
711 438
714 437
720 434
724 433
727 434
730 434
733 433
736 434
742 429
744 430
747 432
751 430
755 429
759 429
761 430
763 432
767 434
769 435
770 437
772 441
774 443
783 436
790 432
796 426
800 424
804 421
805 424
809 422
809 425
810 430
814 431
818 433
821 431
825 428
830 425
836 421
842 416
845 416
849 417
852 417
854 418
857 421
859 420
860 422
863 425
870 420
872 422
873 426
876 428
878 431
880 433
887 429
889 427
891 431
895 430
899 426
902 428
905 430
908 429
910 430
912 433
914 437
917 438
919 439
923 438
927 438
929 440
930 441
937 440
943 437
945 436
948 439
953 437
956 434
961 432
967 425
971 425
972 428
975 429
977 432
979 435
981 438
983 439
984 441
989 441
990 445
993 441
997 441
1004 440
1005 438
1009 440
1012 442
1018 437
1024 430
1027 430
1032 427
1034 429
1039 430
1039 431
1042 434
1043 439
1050 430
1056 427
1063 423
1065 425
1066 425
1072 425
1077 418
1079 420
1084 418
1087 418
1090 415
1093 416
1097 417
1098 420
1103 415
1105 420
1108 422
1110 423
1110 429
1111 433
1115 434
1115 439
1119 434
1124 432
1126 438
1133 431
1136 430
1140 431
1140 435
1142 439
1144 443
1146 444
1153 440
1156 441
1160 439
1164 433
1166 436
1168 439
1172 440
1174 442
1176 447
1180 444
1184 442
1189 439
1193 438
1199 433
1203 432
1206 433
1208 433
1208 439
1211 436
1218 432
1223 433
1226 433
1232 428
1236 427
1236 431
1236 435
1238 439
1242 439
1247 437
1251 434
1255 433
1259 431
1266 422
1269 425
1273 423
1280 418
1281 423
1282 421
1287 421
1292 420
1292 423
1295 424
1299 425
1301 427
1303 428
1306 428
1309 432
1311 432
1314 433
1319 432
1324 429
1328 426
1329 427
1335 425
1337 425
1339 429
1344 429
1346 430
1347 435
1349 438
1349 441
1351 445
1353 445
1358 442
1362 442
1369 437
1373 437
1376 436
1380 438
1381 439
1386 438
1387 442
1391 442
1393 444
1395 446
1401 439
1409 432
1411 434
1415 432
1420 429
1421 433
1425 433
1426 434
1428 439
1433 435
1435 436
1440 439
1445 435
1450 430
1452 433
1454 433
1457 433
1460 434
1463 433
1467 434
1468 436
1471 438
1473 440
1475 444
1479 446
1483 444
1485 443
1487 447
1491 448
1495 447
1497 450
1505 442
1508 441
1513 439
1516 438
1519 435
1519 442
1526 438
1530 434
1535 435
1537 432
1541 432
1547 427
1551 427
1557 419
1558 422
1562 423
1566 419
1569 419
1574 419
1579 416
1582 417
1585 418
1587 417
1590 416
1594 418
1597 419
1598 423
1599 428
1601 432
1603 433
